18 18
7 5
109 63 106 157 11 27 639 52 26 12 108 39
6 24 54 55 135 11 19 9 139
607 166
41 9 317
114 117 5 69 277
114 117 5 21
114 117 5 21
114 117 5 21
114 117 64 136 5 21
145 648 11 114 117 64 136 5 21
30 4 14 164 124 102 9
30 4 29 56
4 215 5 21
4 29 212 6 27 448
4 34 110 10
4 5 630 585 13
18 18
78 25 5 21 10 72 140
4 208 7 208
18 18
18 18 18
4 5 130 10 8 70 19 9 44 67
18 18
25 294 586 141 617
49 94
29 176 122 11 4 29 66 9
540 88 4 7 48 6 6 32 7 116 4 304
4 38 76 60 6 22 70 474 107
221 11 132 5 88 30 6 7 129 72 76 324 88 4 72 76 32 155
4 628 45 541 35 9
15 9 315 4 41 9 352 63
208 121 4 10 564 87
49 388
5 22
4 66 84
131 15 9
30 4 7 155
4 20
4 44 326 17 8
29 66 84
6 26 116 130 124 102 179 637 22
561 46 6
4 58 11 30 4 502 6
6 43 64 4 246 27 118 11 32 54 55 4 8
4 5 80 13 22
6 19 9 404 4 12 102
4 101 201 129 8
4 20 10 135 5 21
15 9 98 95
309 228 307 5 56 236
4 81 5
34 153 13
4 20 10 30 16 135 5 21
309 228 307 5 21
13 13
18 18 18
80 10 130 10
36 359 351
4 14 164 124 102 31
613 201 5 21
4 33
15 9 98 95
143 4 33
12 32 143 4 34 110
28 5 34 110
24 46 4
642 631
450 366
103 7 91 63 8
43 4 7 552
23 49 94 36 8 256
23 7 60 4
322 60 4
32 5 88 6 35 5 319 60 319 4 8
38 7 38 36
6 83 7 126 8
15 9
14 98 95
4 129 43 354 15 9
6 48 38 130 124 102
293 293 9 9 83 85 113 35 4
34 86 10
6 192 226 12 12
246 27 202 116 4 20 51 11 481 547 10 7 155
4 33
4 103 423 557 8
4 296 296
300 39 11 6 26 148 158 9
4 10 148 158 5 21
79 93
4 5 7 5 69
12 113 11 30 4 244
4 183 174 19 9 41 9 238
49 331 11 4 5 252 24 5 13
4 390 80 5 21
182 64 8 88 190 60 4
7 181 563
18 18 18 18
4 33 47 47 4 237 86 52 5 4 33
4 5 13 107
6 38 133 4 469 348
615 290 254 8 4
4 50 50 6
4 20 19 9 92 81 177 54 55
6 300 39 10 227 80 29 56 57
6 7 54 55 4 8
4 5 27 209 218 218 10 13
6 5 180 118 174
25 72 10 147 47 4 5 230 118 174 24 5 180 118 174
4 5 34 118 269 9
12 548 616
12 113 47 4 434 8 47 77 99
6 610 323 79 93 47 47 70 4 46 6 149 16 68 51
4 285 100 8
43 39 11 4 5 200 313 44 138 10
19 9 37 53 381 17
647 125 46 6 43
578 131 4 134 10 51
100
91 100
268
49 94
64 56 57
97 53 4 7 151 473 342 8
19 9 139
268
91 10 9
213 126
172
484 125 582 5
100
6 36 83 85 8
6 120 27 108 43 96 178
49 94
6 7 109 63
216 335 109 63
6 29 123
118 269 463
4 602 10
4 33 514
75 32 45 8
44 519 5 15 9
45 36 15 9 10
4 53 225 20 45 10
7 5
428
31 151 10 13 13
6 58 70 6 43 126 4 159 554 95 45
105 13 454 511
6 132 7 26
4 7 38 520 108 6 10 644 63 67
338 231 115 14 15 9 232 533
180 160 115
623 146 115
338 231 115
7 109 63
19 9 8
272 272
37 441 31 17 35
4 33
91 10 9
6 166 8
31 96 8
18 18
66 84
429 90 6 306
4 75 316 23 10 73
478 227 646 5 21
37 5 6 7 71 111 8
7 40 42 4 29 20 73
4 116 49 331 611 5 15 9 194 235
369 394
79 271
79 271
6 302 16 36
36 4 13 551
6 242 405
4 91 37 35
6 37 53 182 4 22
6 37 53 243 410 4 22
4 10 241 186 12 37 35 10
4 37 53 487 6 82 16 17 22
6 54 55 27 16 17
6 54 55 4
6 48 50 4
4 5 10 72 140 5 15 9 168 205
4 5 162 13
4 85 59 4 544 273 7
41 9 77 24 7 83
4 5 7 5 456 217 13
4 10 156 17 5 21
4 15 9 168 205 72
77 99
4 15 9 168 205 83 85
4 12 249 125
4 5 396 16 17 52 44 22
4 20
4 14 164 124 102 22
4 5 80 13
19 9 134 187 97 121
72 76 8
4 10 12 102 14 61 165 16
20 7 198 39
6 579 4
572 313 5 15 9
4 89 89 19 9 7 44 6 70 6 72 76 8
4 26 212 17 7
4 5 19 9 44 6 120 10
48 4
89 89 19 9 8
4 199 193 49 162 13
149 16 68 51
68 51
68 51
79 93 253
4 5 201 129 13
26 457 224 7
4 86 173 239 17
226 16 4 200 270 10 241 186
14 17 212 4 7
75 503 8
20 27 90 570 302 80 421
4 31
13 107 12 23 7
4 199 193 537 347 22
4 7 119 22
4 10 156 17 5 21
258 612 4
286 145
4 191
4 7 194 13
4 5 162 13
4 85 59 15 9 144 54 55
73
5 321 179 61 8
7 321 179 7 155
69 10 37 35
555
39
4 5 73 52 40 42 22
30 4 89 12 40 42 6 54 55 21 22
7 151 8
6 30 16 36
4 132 7 5 73 52 89 12 40 42
97 53 20 4 5 13 84
24 443 367 37 35
15 9
6 318 69
5 24 14 4 84
69 81 37 35 84
4 40 42 6 266 29 285 48 21 22
32 40 42 4 7 40 42
12 113 6 48 4 8
35 10 391 6 14 67 8 247
21 144 4 8
35 10 247 7 295 4 8 157 38 48 6
15 9 32 41 92
4 33
20 4
266 29 40 42 8
101 614 560 324 41 65 192 32 13 439 486 8
24 5 6 120 13 12
51 20 4 85 59 4 73 461 13
4 33
157 157
36 4 10
472 197
101 318 288 8
44 36 23 251 36
38 7 19 9 129 223 4
223 4
223 4 33
4 16 79 93 13
190 4 56 57 408 59
624 4 33
7 219 4 8
244 4 10
345 39 19 9 92
41 509 25 342 6 488 141 243 619
498 202 288 506 605 633 417 431
4 5 13 192
5 245 234 13
32 264 133 4 46 353 8
6 104 14 67 41 92 4 32 37 53 46 6 23 8
4 33
6 40 42
312 51
315 4 215 46 4 260 16 33 33
4 215
4 5 588 65 584
371 508 165 65 349 603 227 65
10 284
4 33
46 6 172
172
171 106
312 51
259 52 493 317 61 168 8
259 5 34 574 414 10
44 36 23 251 36
4 103 282 8
6 36 11 41 9 14 81
334 7 38 183 10
195 7 195 69
135 398 34 444 6 73 67
23 267 292 292
4 5 44 138 6 22
4 46 6 527 16 33 160 49 94 39
297 5 634 110 120
6 140
4 33 10 11 133 6 66 382 8
4 34 110 10 11 49 94 11 66 4 33 10 11 76 60 6 8
4 559 105 5 76 60 17 7 452 376
4 43 12 11 87 133 44 138 87 17 10 44 138 6
66 84 147 4
4 143
13 13 138 13 13
4 19 9 40 42 10
6 412 403 210 87
100 11 573 13 37 466 132
4 5 11 4 237 86 52 5
7 282 4 8
90 16 13 107
18 18
31 14 58 11 72 13 10 76
46 6 149 16 332 68 51
18 18
4 5 80 13 24 5 162 13
87 58 11 30 61 7 12 304
280 8
23 4 11 41 48 577 7 326 11 171 64 436 57 39
4 14 15 9 210 449
6 189 204 127 8 16 69 277
5 7 5 24 210 87 238
4 12 249 125 58 11 91 100
4 26 15 9 496 217
23 510 258 539
127 6 189 204 10 17 122 175 171 635 530 8
127 6 189 204 10 41 236 14 106 75 462
73 98 95
14 413 350 492 122 175 10 134 591 22
542 13
4 19 9 40 42 125 25 122 175 10
75 99 11 13
4 5 341 411 581 8
523 37 53 485 650 27 209 13
78 25 90 308 32 122 175 8 11 31 166 63
105 58 11 46 16 156 98
4 5 164 330 24 5 130 330
104 14 181 590 625 11 4 46 90 27 16
4 26 261 169 9
12 513 422 88 88 49 94 173 65 323 8
4 41 9 521 11 11 71 45 96 196 9
4 71 45 96 196 9
24 263 59 6 7
4 341 6 163
6 263 59 4 88 491 171 112 65 545 225 133 163 24 8
49 63 6 470 8 4
4 199 193 453 442 9
4 85 59 78 25 435 587 336 17 406 19 9 92
28 78 25 12 553 483 17 433 416 8 47 19 9 139
575 333 101 479 430
177 8 47 47 4 26 211 274 9 70 211 546 167 167
30 4 295 6
440 6 23 316
105 8 11 4 14 62 166 9
28 20 28 54 55 4
4 32 329 8 28
12 113
7 75 8
35 10
75 71 12
6 253 308 23 447 160
12 113
149 16 68 51
7 12 68
6 7 26
4 81 5 34 518 160
4 5 34 183 636
7 105
4 61 34 8
134 187 97 121
306 297
64 136 5 393 310 24 5 641 310
4 54 55 56 16 274 146
7 401 58
4 43 45 145 161 567 22
221 526
4 24 357 505 562 10
4 5 15 9 385 115
4 19 9 40 42 6 5 25 325 115
4 19 9 40 42 6 5 25 325
207 465 594 5 21
262 142
4 36 45 262 142
150 337
255 289 173 287 96 178
255 289 173 287 96 178
134 187 97 121
79 93 640
7 40 42
167 45 8
89 81 419 4 30 303 20 20
97 53 387 64 41 303 20 20 39 8
170 170
4 12 264 7 19 9 71 62 74
112 222 62 74 57 10
30 7 5 4 22
4 489 8 17 17
121 4 147
4 14 31 14 426 358 62 74
30 4 29 112 222 62 74 57 144 15 9
6 482 8
8
4 10 62 74 128 144 195 240 7 29 240
64 136 5 15 9
6 20 10 5 4 10 62 74 128 169
31 14 30 16 62 74 128 169
64 136 5 7 5
4 5 56 16 34 111 10
4 7 5 20 4 5 150 337 10 22
420
265 291 6 4 10 62 74 128
5 596 589 24 5 112 222
4 10 97 29 141 5 184 524 22
31 14 30 16 62 74 128
5 184 220 344 214 34 111
6 7 284 137 30 16 5 7 5 4
233
4 5 184 220 344 214 34 111 10 22
4 609 214 8
4 531 24 5 525
7 40 42
177 8
15 9 339 15 9 58
233 328
207 340 103 46 336 8
185 299
522 378
150 142
4 167 45 63 29 593 22
207 340 360 8
170 170
6 5 21
4 5 7 5 69
6 43 4 32 5 69
191 107
4 5 191 107
185 299
346 77 14 31 14 43 250 185 455 21 71 347 77
6 38 105 4 61 12
6 24 31 108 147
7 48 111 327
256 460
346 25 127 154 154 203 6 44 49 111 275 112 109 497 424 8
154 203 4 32 5 380 154
31 67
7 219 4
75 99
81 568 106 61
334 13
156 17 6 48 254 8 4
12 79 93
19 9 139 70 38 7 38 36 23 152
36 56 57 82
6 5 23 370 152 24 5 569 152
152 23 61 8 11 19 9 139 70 445 198 39 402 23
34 373 248
19 92 82 13
4 5 383 22
418 4 39
78 25 260 8 16 34 112 583
140 8
225 159 24 5 290 159
6 54 55 57 159
6 78 25 232 468 216 335
23 13 234
362 110
18 18
5 15 9 98 95
5 16 12 17
31 67 226 47 47 47 66 84 70 202 392
550 314 12 379
645 608
532 355
620 500 294
501 597 515
343 632
60 161 621
78 25 77 71 103 374 12 34
37 5 372 86 7 35 4
4 143
528 16 188 188 407 432 4
58 58 58
6 38 23 8 4
82 425
172
305 301 161 116 459 499 377 73 194 235
477 437 565 5 21 261 10
150 314 415 5 21 211 10
638 86 91 119
218 17 32 5 364 186
140 250
476 395
627 245
100
6 12 298 45 11 123 10 52 12 119
30 28 327 549 8 27 25 101 27 25 10 7 46 6 135 10 257 384 11 12 298 45
82 7 203 28
116 28 29 27 108 197 71 643 65 8 11 5 7 5 6 182 10 103 345 8
37 5 276 39 276 119 11 6 5 7 5 12 356 409
221 11 5 649 11 28 7 26 48 6
50 50 11 6 48 28 50 50 6 8 11 28 20 44 86 8 50 50 206 206
224 109 26 7 26 12 106
6 592
50 50 11 368 16 512 601 229 229
6 26 12 10 11 27 137 26 12 10
28 27 137 7 35 6 8
68 27 68 571 65 165
28 27 137 7 35 6 8
27 438 90 32 123 8
123 10 12 119
50 50
6 200 270 52 343 59 30 9 7 275 38
224 146 61 361 230 11 32 5 20 7 198 239
28 7 35 6 8 11 27 137 5 41 92
4 132 7 26 35 6 10
329 39 52 7 26 14 17 35 6
6 53 131 26 5 28
181 39 52 209 5 6 53 131
38 5 6 257 386 8 28 20 28 7 26 82 6
7 26 14 17 82 6 10
6 7 26 265 291 87 17 6 123 8 11 4 38 131 6 311 536
24 7 5 4 30 9 14 17 76
28 7 29 41 16 188
146 604 8 11 12 213
37 5 6 52 12 363 31 626 51 397 8
6 120 77 71 23 15 9
31 23 45 558 142 11 5 15 9 220 598
12 280
458 281 8
322 13 20
104 14
29 305 301 161 93 25
6 23 7 23 11 606 7 59 4
7 12 11 31 507
12 98 95 9
4 56 57 39 10 163 47 600 495 446 399 9
4 151 15 9 190 169
48 28
4 19 9 40 42
28 81 31 48
104 14 104 14 32 104 14
286 145
467 504 206 451 7 37 494 59
339 464
12 12 43 86
25 25 83 153 85
27 480
7 375 576
87 176 283
427 219 36
4 24 31 176 283 217 281 163
83 7 126
4
78 25 61 165 618
516 538 400
25 273 20 77 99
311 333 80 543 10 67 12 66 9
148 158 29 56 57 328 148 158 29 56 57
599 65 197 580
252 267 7 216
127 60
99 99
320 320
27 349 29 490
595 25 365 8
556 534 90 535 8 22
348 11 101 332 101 622 10 141 517
153 279 8
278 7 278 108 279
75 475 23 15 9
104 14
43 96 196 9
38 43 242 8
6 83 7 126
213 17 11 82 106 15 9 67
471 566 10 248 389 12 7 12 43
105 11 4 41 16 629 529 103 153 8
119 60 8
