8 121 406 904 7 13
20 8 51 14 17
48
5 190 6 139 152 64 17 197 1020 133 58 8 119 144 154 17
48 48 13 5 46 183 133
399 881 734 366 46 1028 4 10 18 92 7 953 16
227 6 197 140 11 13
8 5 355 357 47 24 7 31 12 7 127 328 16
8 570 515 7 127 464 16
747 737
10 27 506 5 4 191 114 25 727 46 332 8 827 606 28
5 10 29 139 152 6 5 8 30 1027 7 9
36 19 56 4 5 108 27 31 12 18 22 12 289 24 5 45 13 13
5 78 112
5 72 72 8 202 195 65 61 885 1016 7 31 12 6 16
6 215 83 269 404 833
1029 1024 11 13 599 418 8 64 140 26 386 7 295 983 11
48 48
6 55
8 5 25 569 169 238 834 7 110 353 9
6 132 5 21 132 4 30 92 4 132 137 5 153 240
75 75 6 25 158
716 985 5
6 225 5 7
75 6 55 4 6 75 75 11 5 27 59 14 157 219 6 13 63 63 17
180 504 376 395 553 13
413 26
26 256 119 759 324 275 544 256 39 425 425 13
20 5 21 150 53 12 174 23 9
110 104 8 459 53 12 7 89 870 590 802 98 129 13 39 39 26 6 110 104 7 116 294 4 221 26 188 86 397 56 17 703 10 101 176 263 88 533 11 9
5 89 11 9 5 131 46 10 132 11 4 87 230
427 103 4 217 4 53 658 11 4 528 57 79 79
177 215 5 7 78 57 339 427 401 6 449 473 4 20 5 136 6 35 842 4 5 24 6 13
1042 274 78 984
471 647 18 8 30 274
58 47 76 13
52 78 112 217 66 33 10 41 35 39 115 45 9 6 26 115 45 56 17
126 106 24 170 974
5 26 906 358 56
413 249 10 41 13
10 27 183 133 147 12 9 147 12 33 8 25 363 37 25 304 84 9
26 39 6 16
29 7 4 6 463 986 83 19 577 779 587 903 4 146 76 113 947 29 52 223 172
5 52 101 44 7 9
5 36 19 239 748
142 17 94 7 100 17
328 70 155 7 635 854 204 4 400 323 9
228 476 1033 4 39 85 11 4 945 690 98 129 21 29 439 11
817 438 7 6 191 114 252 11
682 554 405
64 8 26 43 38 10 349 82 110 7 57 262 4 146 8 109 380 380 7 4 246 241 88 52 47 24 4 4 4 4 50 33 10 41 35 4 6 58 94 8 107 16
18 22 52 506 7 82 12
5 10 8 42 13
6 10 24 5
107 505
467 462 113 283 651 869 234 16 4 6 10 41 35 14 17
31 12
75 6 55 16
82 7 16 9
179 65 5 77 18 49 18 49 77
6 171 88 56
8 31 12 61 352 312 7 147 12 9
440 80 6 135 245 480 789 764 6 21 261 428 40 4 428 40 435 57 11 4 105 105 105
6 118 16 4 118 73 11 21 139 152 6 9
6 25 158 9
6 150 971 732 17
5 25 158 168 138 11 32 6 150 38 19 74 17 133 10 133 5 176 38 134 6 179 181 9
12 40 214 34 21 878 9 6 775 884 12 40
36 19 524 306 11
25 10 11 18 442 178 630 9
5 43 7 8 63 299
10 27 54 4 164 10 15 5 309 4 18 208 309 9
5 46 39 44 273 14 265 13 5 117 44 11 458 458 28 13
169 169 5 89 11 9 362 502 5 28 9
6 177 166 469 499 7 24 176 5 274 1047 406 531 9
5 171 88 10 8 4 126 106 38 61 784 15 930 7 184 13 6 19 51 14 39 354 6 27 176 38 41 35 7 184 9
15 28 9 20 6 524 306 78 112 664 9
5 164 41 35
1040 733 424 655 96
264 102 469 4 71 10 268 13
962 932 359 9
263 7
34 18 492
319 319 40 7
791 161 661 161 315
36 18 334 192 6 157 34
5 36 19 55 5 19 290 290
53 12 111 5 102 481 990 4 5 111 53 12 10 85 228 9
260 213 207
29 7
340 276 591 704 102 368 9
6 18 69 46 10 15 174
5 8 10 8 114 145 766 7 181 85 4 58 8 114 272 132 7 520 91 34 32
48 17
6 38 72 87 197 140 16
5 8 320 70 84
8 18 22 153 596 633 617
169 169 5 89 11 9 362 502 5 28 9
120 120 6 7 57 28 4 6 41 35 219 513 7 13
75 75 6 55 9
5 8 996 426 25 282 9
10 4 95 24 7 4 6 8 5 72 143 77
31 12 4 5 89 11 13
12 40 835 320 76 113 29 401 830 7
81 83 8 5 149 42 9
163 68 650
26 955 34 7 10 538
5 214 34 21 10 67 62 6
756 530 1007 8 22 258 175
289 14 4 680 298 28 4 51 14 33 10 101 44 4 273 7 137 395 230 18 92
196 1038 5 109 71 10 93 6 7 222
5 8 30 310 857
5 108 8 18 108 30 97
20 8 226 446 7
5 87 10 27 56 4 961 77
8 56 8 56 4 30 97 61 193 11 4 30 97 61 24 31 12 11 9
5 39 6 11
105 105
6 27 5 59 14 793 252 54 229
5 8 952 973 230 4 51 14 33 251 10 224 5 9
200 4 6 7 977 37 20 14 280 32
90 90
59 14 11
307
529 924 34 98 141 831 25 452
6 998 214 10 8 121 470 470 317 297 201 681 317 121 825 7 73 234 317 126 106 967 35 220 8 660 320 936 69 375
10 41 35
292 981 26 39 6
48 4 8 7
193 4 19 5 26 56 4 10 128
59 14 11 229 57 170 10 15 229
6 117 27 223 172 142 9
994 24 7 31 12 90 90 6 7 302 206
5 337 6 18 49 125 6 21 10 511 517 11
15 15 96 209
12 40 29 10 15 288 262 7
85 57 28
1025 485 7 127 282
351 122 23
47 862 7 31 12 4 176 30 97 5 190 6 412 412
6 55 9
131 132 43 5 55 4 6 21 29 698 26 484 603 65
157 657 8 68 1043 7
210 293 37 67 62 7 12 9
268 420 257 25 501 888 51 14 7 28
210 293 37 67 62 7 12 9
626 6 174 6 46 133
5 23 134 970 37 153 34 836 294 6
5 89 11 4 5 287 343 262 103
105 105 4 5 23 451 392 675 4 108 311 1034 852 392 9
5 10 29 4 27 10 6 225 5 17
20 21 512 744 98 129 7 758 104 136 38 15 15 7 28 465 421 916 50 22 202 195 36 19 20 14 68 38
6 87 10 27 222
264 466 99 4
243 615 99 4
292 902 99 4
453 82 99 4
59 14 11 17
1009 218 474 68 11
6 15 47 24
6 46 36 12 24
5 55 6 205 189 17 38 153 659 778 30 472 153 456 456 13
363 6 7 42
147 12 7 154 101 133
165 757 144
10 27 75 75 4 5 10 67 62 4 6 46 10 67 62 4 85 57 69 130
911 978
36 71 122 34 184
313 519 500 500
321 343 995 7 55 37 16
719 255 82 110 58 8 96 988 484 11 15 4 49 684 101 963 88 295 68 812 350
31 481 4 50 22 120 284 10 15 157 219
30 97 8 260 923 37 940 37 173 7 30 638 319 9
20 26 172 709 142
53 581 683 54 9
5 76 113 10 29 11
6 27 23 164 130
937 70 91 84 11
53 104 851 4 6 47 76 7 9
8 100 9 90 90 302 206 16
352 312 42 4 81 83 47 76
47 76
20 8 126 106 31 12 6 295 47 24 54
5 34 81 28
15 15 15
5 7 461 4 5 7 57 4 5 685 847 65 91 568 22 625 394 33 26 43 86 5 67 62 6 13
10 128 4
26 1050 22 116 344 28 9
497
5 31 12 405 856 61 969 607 11 9
604 72 5 89 11 13 140 26 21 23 125
6 7 111 108 8 6 1037 7 535 785 837
340 423 423
523 507 460 467 277
496 496 4 31 12 218 145 4 135 22 15 201 63 4 42 42 42
5 192 6 125 11 131 125
20 8 81 83 13
59 14 23 145 522
20 21 199 347 305 415 721 485 43 49
5 19 388 338 24 21 269 11
73 7 4 12 40 67 62 450 388 45 13
27 8 6 33 41 35 5 27 43 51 14 11 4 58 1026 50 22 191 123 115 51 14 9
59 14 29 66 66 5 59 14 29 110 30 180 163 7 104 66 66
1031 22 13
19 116 272 104 46 52 350 27 9
53 45
5 10 41 35 13
38 18 208 8 122 288 325 11 9
261 12 10 73 291
6 225 5 7
23 23 23 4 150 6 40 20 980 23
87 10 139 152 6
1018 40 8 25 1023 16 9
30 116 294 188 188 65 283 28 4 71 93 18 486 30 232 227 38 151 72 314 122 23 198 171 162 859 79 79 79 800 79 79 79 18 353 246 26 283 28 174 7 247 248 4 335 93 5 72 246 347 616 271 494 34 4 370 31 786 155 110 648 4 18 134 314 49 135 5 931 256 7 285 96 4 237 691 123 728 7 341 549 865 38 816 35 514 6 72 307 453 150 6 164 4 629 620 137 5 181 483 74 113 5 151 72 58 171 88 5 135 7 52 73 13
91 968 337 445 525 44 304 580 4 321 343 1035 19 18 156 476 377 95 179 86 371 233 841 770 7 243 394 875 1003 290 4 178 22 224 409 232 37 10 15 15 44 4 18 241 119 326 4 58 27 151 151 706 13 377 95 85 271 11 4 6 463 165 44 4 221 199 44 245 5 21 80 38 18 22 124 724 7 565 419 13 25 175 38 117 8 6 95 130 37 17 614 1041 8 178 22 224 409 232 37 94 7 665 86 44 124 11 13
679 670 987 121 872 316 639 595 245 402 78 712 917 695 4 5 117 376 144 441 788 640 754 460 462 674 144 441 329 306 432 26 826 79 79
34 112 60
10 27 50 14 241 608 45
10 27 43 11 4 20 22 521 495 16 4 572 226 504 16 4 134 5 877 128 11
322 6 178 271 12
333 138 11
340 692 666 46 67 62 43 10
168 928 4 14 14
186 871 7 350 69 13 214 235 7 96 110 191 114 10 29 186 7 50 14 251 4 187 76 439 11 585 28
243 310 213 17
20 215 455 7 54
205 189 4 863 1049 8 22 348 12
5 52 85 57 9
258 175 175
10 27 9
160 330 17
15 7 13
5 61 67 62 6 4 61 24 6 13 50 92 7 5 59 14 29 10 389 57 6 56
328 70 396
526 359 160 735
36 398 4 6 39 68 11 13
10 715 537 11
84 289
6 46 171 88 17 5 46 171 88 323 77
52 248 100 17 190 6 416 416 702
10 27 828 207 4 146 8 487 111 101 198 777 98 129 46 101 179 259 53 12 13
5 10 41 35 465 146 19 486 141 236 5 440 15 41 35
159 84 592 964 208 8 471 601
30 611 883 1000 18 410 838
51 14 184
588 4 8 22 12 33 41 35 16 9
146 5 8 29 112 60 346 448 47 24 7 30 97
73 564 9 5 40 31 12 61 47 24 11 9
30 331 331 9
270 202 195 109 10 8 6 61 107
20 58 123 43 100 17 50 8 81 83 7 13
278 558 47 24 24 138 38 11 794 556
5 41 35
18 861 37 101 19 68 255 1048 390 4 942 93 6 5 78 354 739 490 4 50 33 8 6 10 41 35 7 74
5 46 39 6 11 95 24 7
153 5 115 45 9
8 346 448 355 357 47 24 503 198 7 316 316 30 169 225 5 7 54
115 51 14 54 13 180 163
8 5 117 33 39 102 68
8 6
10 41 35
20 8 9 200 730 124 109 753 11 18 749 254
8 42 13 33 8 686 699 26 450 387
48 4 81 83
185 6 15 18 69 69
5 55 46 8 22 194 194
111 51 14 111
297 175 656 166 339 305 9 429 429 518 209 251 10 224 5 117 7 761 644 94 282 37 7 42 9
6 118 16 4 118 155 19 206 142
105 105 32 31 12 6 197 140 11 17
298 298 7
5 253 6 253 7 15 14 17
253 6 25 158 13
253 6 25 158 13
5 21 78 383 11 59 14 86 17 119 5 16 119 5 16 123 167 123 167 119 5 16 447 444 447
426 263 37
242 242 242
10 27
181 6
5 52 15 13 6 56
39 11 4 64 162 53 39 4 116 116 344 344 266 266 391 391 33 39 4 139 152 6 22 578 403 396 4 64 182 8 434 438 128 4 210 30 97 41 35 32 64 8 39 64 845 182 11 4 64 47 94 8 22 24 128 387 9
20 6 191 114 790 5 18 752 989
8 16 9 146 8 5 10 8 364 386 70 9
5 109 10 8 30 480 4 71 93 557 244 178 310 21 197 798
134 5 239 11 4 20 6 59 14 265 17
10 8 4 20 927 552 6 8 47 76 783 148 194 178 373 7 767 13
5 36 55
8 82 31 12 100 17
6 43 7
127 37 8 147 12 66 203
5 17
589 378 7 586 139
61 479 9
351 84 9 78 112 33 8 98 129 281 122 34 7 262 403 795
48 4 5 55
15 16 9 6 43 28 9
15 15 15 4 31 12 4 5 330 65 33 351 13
123 65 631 11 100
278 414 300 157 144 154
126 106 6 8 257 235 7 54 203
844 741
192 5 199 23 22 609 187 199 9
31 12 15
18 384 384 7 42
8 10 8 107 203
64 102 276 25 11 9
179 5 44 141 236 23
723 154
5 131 10 482 6 11 468 303 468
34 32 32 34 32 32 34 4 34 42 4 5 7 82 121 25 12 4 8 10 8 430 11 17 5 80 6 726 70 694 910 17
1055 25 36 19 30 97
63 63
6 19 897 16 17 6 25 158 7 77
73 10 49 73 10 49 73 10 49 4 95 95 95 95 95 4 457 457 104 4 8 5 89 42 4 6 119 5 6 261 5 6 555 30 867 832 4 53 104 86 98 129 13
221 43 5 10 29 4 5 65 60 91 148 4 78 187 10 101 4 160 204 1032 443 4 407 93 10 1014 4 693 526 183 707 4 43 9 550 8 51 14 17 9
5 131 10 482 6 11
52 78 112 217 66 33 10 41 35 39 115 45 9 6 26 115 45 56 17
6 118 5 118 10 118 54
342 654 81 437 541
126 106 147 31 12 33 10 50 14 137 5 43 154 7
31 12 258 9
90 671 175 302 206
261 7 610 710 11
20 15 28 4 5 59 14 92 87 477
67 62 891 7 68 228 287
582 4 6 109 110 104 11 100 17
73 16 4 12 40 649 162 11 45
514 6 72 135 124 21 50 22 636 130 16 9 6 72 21 80 6 50 14 69 124 16 9 6 72 8 113 72 28 9 594 6 55 16 9 483
82 160 520 900 9 80 22 204 29 45
5 8 503 198 7 30 82 12 13
714 810 99
53 44 5
6 459 22 25 69 746 477 14 4
5 222 162 280
10 108 8 107 281 20 14 1019 598 28
48 48
925 814
12 40 8 68 87 68 653 7 30 82 37
436 652 517 593 7 25 600 9
149 86 127 892 7 25 850 341 473 546 91 7 308 170 23 28 9
6 117 7 696 341 10 269 248 662
59 14 11 4 180 163 13
252 60 186 296 116 762 86 296 960 71 98 83 19 219 513
5 10 67 62
186 51 14
218 145 257 257
372 167 8 623 301 10 11 18 239 74 820 7 9
5 24 6
6 58 36 71 245 28
997 74 10 301 120 445 525 4 325 74 10 301 120 365 815 13
27 6 866
20 8 5 55 55 4 5 8 30 97
6 76 106 5 59 14 137 6 112 60 7
25 96 214 235 421 561
40 173 36 254 4 489 10 49 54
40 173 36 254 4 489 10 49 54
10 279 88 4 279 88 6 109 36 19 124 44
6 26 43 398 37 291
5 10 205 189 6
10 27 10 27 4 12 40 89 11 45 31 12 6 61 15 11
205 189 16 4 64 10 8 6 7 15 510 338 45
58 15 142
10 27 16
10 8 50 92 7
27 27 239 855 326 203 935 853 215 37 34 18 849 203 259 166 25 166 259 166 25 166
5 29 18 241 337 6 4 36 74 13
15 7
36 19 323
10 29 28
32 32 787 122 23 119 138 4 443 5 7 9
10 742 799
31 12 94 15 4 61 24 6 11
48 48 4 23 125 28 66
168 65 15 4 941
196 895 605 200 244 4 94 57 185 509 49 34 15 44
193 130 37
19 876 82 371 233 434 4 18 353 23 64 40 174 64 58 36 49 327 4 26 327 65 383 86 10 49 327 32 32 32 32 32 32 32 321 32 32 32 32 73 64 151 43 4 151 151
20 6 43 18 22 417
5 24 6 142
318 143 143 318 143 143 318 143 143
8 393 393 200 7
1006 40 264 944 96 385 551 123 821 331 792
5 523 233 11
6 43 51 14 17 8 43 5 52 258 100 17 90 90 9
12 40 711 233 11 42
30 510 338 94 193
5 24 991 220
10 573 56
102 15 71 11 9
375 949 187 93 183 285
20 81 83 42 4 5 185 637 127 249 14 411 303 411
60 345 99 4
60 345 99 4
60 345 99 4
25 60 87
23 584 220 560 868 1044 23 982 521 136 9 44 124 23 243 37 99 9
23 103 4 70 449 198 116 5 23 20 22 148 300 4 81 116 138 11 15 68 70 4 94 47 511 13
408 912 750 628
98 129 23 144 536 385 71 4 53 127 26 40 173 144 461 65 71
78 354 677 539
5 89 11 4 5 29 309 7
20 6 39 115 907
6 47 76 136 5 112 60 400 4 6 29 52 85 57 7
31 12 64 102 499 11 4 5 149 10 259
20 6 53 909 248 326 11 417 4 21 174 45
938 668 137 6 181 91 23
176 6 397 250 250
20 8 5 7 915 689 494 378 823
185 5 247
36 74 184 5 10 478 288 21 15 11
90 90 286 566 286 5 24 6
6 26 164
19 16 4 47 8 12 40 329 490 976 543 454 366 7 574 167 33 342 19 212 493 286 493 211 308 145 522
137 1015 1010 487 642 10 8 18 73
418 249 6 349 11 28 66
8 4 82 121 634 91
374 508 498 360 46 10 8 121 37
8 277 491 381 162 382 157 760 322 364 769 763 738 277 491 381 162 382 492 5 43 7 73 768 229
374 508 498 360 46 10 8 121 37
6 52 207 4 6 19 7 13
718 437 1045 772 534 4 8 22 562 624 13
25 358 235
266 234 11 9
999 86 6
21 10 139 152 6 9
33 15 16
48 48 4
6 52 207 4 6 19 7 13
50 10 8 270 231 472 873 45
10 632 208 126 806
217 291
6 59 14 41 35 5 117 246 507 238 1051 21 85 96 17
58 19 237 156
5 8 30 97 4 293 663 98 177
272 132 148 913 65 23 21 15 9
8 210 1005 408
142 4 5 15 159 16 9 5 8 159 84 9
53 65 247 11
6 186 296 46 27 285 92 80 167 4 518 209 103 956 155 10 29 7 120 284 4 279 88 708 5 9 63 63 9 322 315 9
36 6 979 9
619 771 4 292 743 208 4 60 113 9
8 1053 548 240 240 7
170 26 602
36 74 9 252 156 131 34 9
114 336 22 265 336 265 32 356 717 13
270 202 195 61 15 7 12 9
5 8
497 8 100
159 84
5 21 8 159 84 9 63 63 63
5 87 10 8 4 1046 424 951 87 8
25 335 250 335 250 12 56
6 27 24 5 68 255
31 12 165 49 34 28 49 34 96 209 11 56
23 6 7 9 10 96 209 59 14 136 751 103 563 688 575 9 6 275 431 10 8 43 38 21 8 22 348 12 45 9 329 348 12 33 185 10 103 4 6 275 431 58 19 51 14 361 161 9
10 21 8 50 92 14
201 93 5 11 16 17
31 12 31 12 6 36 74 28
36 389 583 4 512 433 7
53 16
45 79 79 168 145 314 32
6 52 25 9 9
51 14 74 16 17 31 12
31 12 10 27 45
361 114 16 16 16 16 16 16
6 23 150 38 16 13
81 83 8 313 797 16 304 84 9
33 34 69 4 516 516 18 49 44 13
91 370 645 237 373
975 918 12 547 454 42 42 42
135 201 201 93
972 278 6 10 8 17 17
12 40 168 242 196 196 11
527 92 527 515 965
54 54 4 5 136 141 141 33 39 6 77
5 67 62 325 287 9
780 1036 672 804
264 466 99 4
5 46 8 4 70 244 47 15 44 11 9
720 26 839 890 713 559 801 7 147 12 9
107 281 75 75
60 204 10 47 1054 755 77
20 134 6 55 478 811 80 5 28
334 367 6 55 9 334 367 9
920 12 379 15 957
1017 432 21 8 134 346 7 141 236 898 1039 80 53 12 71 13
276 25 893 109 160 697 7 576 231 77
921 1008 11 7 232 37
5 10 8 230 1011 860 4 5 8 776 765 1022 646 13 13
52 210 52 372 167
81 83 8 889 926 136 216 803 950 42 9 148 194 12 33 41 35 9
48 48 4 21 886 5 24 6 7 57 18 92 25 9
10 24 21 10 24
933 700 13 13 13
8 9 280 414 9
16 22 161 16
5 165 227 6 44 11
6 34 54
5 10 612 9
6 22 305 415 4 23 44 226 1012 597 54 9
8 452 297 196 843 7
729 172 177
1021 138 12
420 939 422 422 722 8 10 8 62 899 501 773 107 42
643
20 8 51 14 17 5 108 41 35 479 37
202 195 65 61 223 172 7 231 40 36 19 339 18
14 14 9
107 263 161 4 15 15 7 9
30 57 222 29 125 273 7 9
23 93 4 23 205 189 4 89 103 11 21 10 131 19 11 13
20 21 26 18 49 28 9
63 16 4 908 4 6 192 86 13
29 4 146 8 183 93 10 177 807 641 4 187 76 108 19 266 85 4 108 19 840 774 13
38 10 29 39 6 7 4 107 505 4 168 69 125 28
81 83 29 42 66
5 347 36 39 103 50 22 120 284 4 126 106 5 10 8 44 7 70
14 14 77 193 16 13
6 140 26 10 101 80 64 223 172 11 14 17
24 111 7 12 805 104 10 29 102 929
63 63 63 4 111 18 111 238 156 255
58 19 5 4 180 163 13
20 6 128 28 303
190 6 311 311 102 368 922
212 212 212 324 212 475 369 444 369 475 211 324 211 211 211
5 349
53 128 45 13 188 188 43 80 5 509 21 15 11 13
38 10 24 6 5 24 6
8 7
182 29 19 20 14 18 22 12
20 33 103 23 11
20 33 103 23 11
226 446 150 307 6 106 687
182 29 19 20 14 18 22 12
148 194 12 33 41 35 11
5 190 6 809 38 4 38 8 221 17
228 57 4 38 57 173 19 6
5 80 6 267 267
896 7 17 9 880 819 32 15 813 435 32 32
1013 244 4 571 874 4 58 19 943 220 54 9 9
5 10 8 22 141 236
5 94 7 15 430
10 495 22 8 28 9 50 21 901 11 9 6 50 402 22 18 725 701 16 9
705 540
215 455 342 19 170
10 332 6 44 70
6 199 44 4 5 356 113
44 124
43 7 25 249 154 45
26 407 256 846 879 451 308 7 66
848 379 669 618 240 37 213 442 213 179 213 818 4 959 28
38 46 26 39 6 56
20 69 30 894 74 130 18 69 33 10 251 118
21 19 21 19 32
919 822 17
160 330 9
18 49 796
216 216 216
60 60 532 65
58 15 9 824 958 10 34 7 42
10 123 621 404 11
180 163 4 260 5 80 6 15 100
42 42
299 488 433 237 254 17 299 488 69 26 164 173 17 260 1004 10
5 399 238 156 436 21 85 731 91 84 11
39 51 14 56 17
8 54 8 54 5 8 159 70
5 10 268 905 9 6 992 122 23 71 234 204 23 9
155 206 419 8
48 4 218 145
155 231 12 676
333 333 192 66 182 29 122 140 66
165 11 165 11
5 8 70 16
48 667
6 127 464 16 17
207 474 948 808 914 864
20 156 627 60
736 60 966 5 410 365 567 4 5 829 227 1030 177 1052 1002
15 1001 247 7 148 300
149 149 6 267 267 613 14 14 858 77
38 21 8 161 200 77
27 71 38 8 51 14 12 11
313 519 315 678
887 66 12 40 21 8 50 92 7 45 4 6 109 10 8 10 41 35 7 673 579 782 934 882 352 312
946 622 745 9 9 9
336 7 11
34 149 149 4 5 740 6 125
5 67 62 135 332 68 19 542 7 74 170
6 67 62 7 12 130 120 5 115 45 13
102 113 781 993 9 954 87 114 138 9
545 390 18 91
